!!key dx=[0.0005],to_c=[1000.0]
&real
/

&realcv
/

&esorem
  emflag = 0
/

&jobcon
  jobnum = 0,1,
  nstep  = 10
/

&digcon
  hdfdigstart = 1,
  intfoc   = 100,
  ifdiag   = 20,
  ijdiag   = 20,
  daverg   = 1,
  emarlxt  = 20,
  ipahdf(1)= 20,
  ipadig(1)= 1024,
  ipahdf(2)= 20,
  ipadig(2)= 1024,
  ipaxyz   = 32,32,100,0,0,-1, 32,32,100,0,0,-1,
  ifxyz    = 1,1,1,1,1,1,1,
  ijxyz    = 1,1,1
/

&plasma
  wp(1)    =  4.207807d-1,
  wp(2)    = -1.0d0,
  wc       =  0.0d0,
  cv       =  1000.0d0,
  phiz     =  0.0d0,
  phixy    =  0.0d0
/

&tmgrid
  dt       = 0.05d0,
  nx       = 64,
  ny       = 64,
  nz       = 896,
/

&system
  nspec    = 2,
  ionchg   = 0,
  nfbnd    = 0,0,0,
  npbnd    = 0,0,2, 0,0,2,
  nflag_ecrct = 1,
  mtd_vbnd = 0,0,1
/

&intp
  qm(1)    = -1.0d0,
  qm(2)    = 1.944144d-5,
  npin(1)  = 183500800,
  npin(2)  = 183500800,
  path(1)  = 9.891793d-1,
  peth(1)  = 9.891793d-1,
  vdri(1)  = 0.0d0,
  vdthz(1) = 0.0d0,
  vdthxy(1)= 0.0d0,
  path(2)  = 1.950537d-3,
  peth(2)  = 1.950537d-3,
  vdri(2)  = -2.467256d-1,
  vdthz(2) = 0.0d0,
  vdthxy(2)= 0.0d0
/

&inp
  inpf(1)     = 1,
  inpb(1)     = 1,
  injct(1)    = 1,
  npr(1)      = 524288,
  inpf(2)     = 1,
  inpb(2)     = 1,
  injct(2)    = 1,
  npr(2)      = 524288,
/

&ptcond
  lbhole      = 76.0d0,
  ubhole      = 100.0d0,
  xholec      = 8.0d0,
  yholec      = 8.0d0,
  rhole       = 0.0d0,

  boundary_type = "rectangle-hole"
   zssurf = 100.0
   xlrechole(1:2) = 8.0, 8.0
   xurechole(1:2) = 8.0, 8.0
   ylrechole(1:2) = 8.0, 8.0
   yurechole(1:2) = 8.0, 8.0
   zlrechole(1:2) = 76.0, 76.0
   zurechole(1:2) = 100.0, 100.0

  npc         = 0,
  npcg        = 0,
  pcgs(1)     = 0,
  ccgs(1)     = 0,
  mtd_vchg(1) = 0,

  modeww      = -2
/

&scrnt
/

&emissn
  nflag_emit(1) = 0,
  nflag_emit(2) = 0,
/

&testch
/

&dipole
  line_mode   = 0,
/

&mpi
  nodes        = 4,4,56
/

&verbose
/

